A: 35
H: 0.0
Q: -2.38973, -5.45566, -0.0103318, 0.0150211, -0.0845386, 0.214431, -0.314253, 0.238519, -0.0769386
