A: 35
H: 0.0
Q: 1.51269, 3.97321, -0.335263, 0.398982, -1.65081, 3.97602, -5.28966, 3.63974, -1.01534
